{"nbformat":4,"nbformat_minor":0,"metadata":{"colab":{"name":"1_translation.ipynb","provenance":[],"collapsed_sections":[],"toc_visible":true,"authorship_tag":"ABX9TyP6NVgQ3qnMBuCpkJ/NoXY6"},"kernelspec":{"name":"python3","display_name":"Python 3"},"accelerator":"GPU"},"cells":[{"cell_type":"markdown","metadata":{"id":"kdXIKle4H_CU"},"source":["##This code is for transration (inference).\n","You have to prepare some model beforehand by yourself."]},{"cell_type":"code","metadata":{"id":"pwEIp8L9H8Tq"},"source":["from google.colab import drive\n","drive.mount('/content/drive')"],"execution_count":null,"outputs":[]},{"cell_type":"code","metadata":{"id":"B_BcnK-IjI2Y"},"source":["# you may have to install these libraries\n","# if you use Google Colab\n","!pip install ConfigArgParse\n","!pip install torchtext==0.4"],"execution_count":null,"outputs":[]},{"cell_type":"markdown","metadata":{"id":"kG2mZBUiG7kR"},"source":["##Ordinal translation with default 'attn_debug'"]},{"cell_type":"code","metadata":{"id":"z_WFwfYnG0Vb"},"source":["# path to ** ORIGINAL ** OpenNMT codes\n","# you may want to change this path\n","# put codes here (https://github.com/OpenNMT/OpenNMT-py/) to the path\n","CODE_PATH = '/content/drive/My Drive/Colab Notebooks/Attention_w_OpenNMT/original'\n","\n","translate = CODE_PATH + '/translate.py'"],"execution_count":null,"outputs":[]},{"cell_type":"code","metadata":{"id":"-Y2vmyANLr9v"},"source":["# path to data\n","# you may want to change this path\n","# I will use this dataset in this time\n","# https://github.com/odashi/small_parallel_enja\n","DATA_PATH = '/content/drive/My Drive/data/small_parallel_enja'\n","src_test = DATA_PATH + '/test.ja'\n","tgt_test = DATA_PATH + '/test.en'"],"execution_count":null,"outputs":[]},{"cell_type":"code","metadata":{"id":"_YP6DmXiL_TN"},"source":["# path to save results\n","# you may want to change this path\n","RESULT_DIR = '/content/drive/My Drive/data/small_parallel_enja/results'\n","!mkdir -p '$RESULT_DIR'\n","output = RESULT_DIR + '/hyp_ordinal.txt'\n","log = RESULT_DIR + '/ordinal_attention_matrices.log'"],"execution_count":null,"outputs":[]},{"cell_type":"code","metadata":{"id":"xuj3-l7EPe_a"},"source":["# path to trained model\n","# you may want to change this path\n","MODEL_PATH = '/content/drive/My Drive/models/transformer'\n","model = MODEL_PATH + '/small_parallel_ja2en_transformer_step_10000.pt'"],"execution_count":null,"outputs":[]},{"cell_type":"code","metadata":{"id":"49ztHVDEKu5P"},"source":["!python '$translate' \\\n","        -model '$model' \\\n","        -src '$src_test' \\\n","        -output '$output' \\\n","        -attn_debug > '$log'"],"execution_count":null,"outputs":[]},{"cell_type":"code","metadata":{"id":"_Unyv1szUunw","executionInfo":{"status":"ok","timestamp":1604382507991,"user_tz":-540,"elapsed":652,"user":{"displayName":"安本玄樹","photoUrl":"","userId":"15335213051674587884"}},"outputId":"6f91e86e-d83e-4e2c-8e99-aae6e55ab16a","colab":{"base_uri":"https://localhost:8080/"}},"source":["# check the attention matrices\n","!head -n 30 '$log'"],"execution_count":null,"outputs":[{"output_type":"stream","text":["                    彼          ら          は         つい          に         それ          が         真実          だ          と         認め          た          。 \n","      they  0.0182188  0.0172365  0.0119352 *0.2124957  0.1812804  0.0808663  0.2042680  0.0112907  0.0757531  0.0093781  0.0672075  0.0239798  0.0860900 \n","  asserted  0.0000840  0.0000728  0.0000991  0.1937779  0.1058521  0.0024075  0.0020421 *0.6881790  0.0049627  0.0001372  0.0004948  0.0001125  0.0017783 \n","      that  0.1523175  0.1409438  0.0530560  0.0025811  0.0057647 *0.5650023  0.0152757  0.0355163  0.0012205  0.0137725  0.0043462  0.0078942  0.0023093 \n","        it  0.1095102  0.0622582  0.0423599  0.0006297  0.0009514  0.0296641  0.0250291 *0.3538342  0.0223928  0.0158052  0.2310269  0.0791595  0.0273788 \n","       was  0.0081948  0.0061722  0.0194083  0.0086784  0.0058010  0.0038229  0.0009001  0.0003912  0.0056149  0.0187554  0.0667200 *0.7891161  0.0664247 \n","      true  0.0088009  0.0083716  0.0032308  0.0189611  0.0192748  0.0029012  0.0013609 *0.3095400  0.2545834  0.0717353  0.1768363  0.0124760  0.1119279 \n","        at  0.0115509  0.0127188  0.0201654  0.4516856 *0.4548032  0.0122270  0.0159015  0.0015854  0.0012954  0.0023867  0.0003831  0.0094460  0.0058511 \n","      last  0.0001392  0.0002480  0.0006318  0.2690550 *0.6121511  0.0005330  0.0014537  0.0218436  0.0176842  0.0050046  0.0075180  0.0211256  0.0426124 \n","         .  0.0378743  0.0470116  0.0915687  0.1878552  0.1756063  0.0323321 *0.2772373  0.0149479  0.0195775  0.0133925  0.0056602  0.0718042  0.0251323 \n","      </s>  0.1415141  0.1709728  0.1457262  0.0059942  0.0110107  0.0318068  0.0097131  0.0216104  0.0032386  0.1851816  0.0256689 *0.2294058  0.0181569 \n","                    彼          は         水泳          が         得意          で          は          な         かっ          た          。 \n","        he  0.1926349  0.2135644 *0.3037547  0.1662329  0.0272146  0.0256509  0.0133634  0.0147541  0.0181808  0.0119007  0.0127486 \n","       was  0.0003296  0.0002715  0.0078232  0.0054593  0.2146050  0.0028785  0.0006307  0.0103063  0.0127522 *0.7397975  0.0051462 \n","       not *0.2972103  0.1988322  0.1497583  0.0059330  0.1654069  0.0012575  0.0006963  0.0025957  0.0013412  0.1657965  0.0111720 \n","      good  0.0726774  0.0635210  0.0339526  0.0030502 *0.2572910  0.0081822  0.0988948  0.1765248  0.1591378  0.0552028  0.0715652 \n","        at  0.0029933  0.0025115  0.0109872  0.0131064  0.0026235  0.0025539  0.1246577  0.1441116 *0.3401029  0.3384554  0.0178969 \n","  swimming  0.0001587  0.0002043 *0.9994454  0.0001555  0.0000120  0.0000039  0.0000073  0.0000008  0.0000015  0.0000027  0.0000078 \n","         .  0.0002052  0.0002118  0.0001796  0.0119230  0.0093502  0.0049550  0.1294626 *0.3055270  0.2840273  0.0903514  0.1638069 \n","      </s>  0.0774564  0.0717031  0.0039419  0.0056847  0.0809682  0.1477892  0.0580925  0.1051003  0.0485598 *0.3345482  0.0661556 \n","                    彼          は          お          姉         さん          に          劣          ら          ず         親切          だ          。 \n","        he  0.1423783  0.1649397  0.0203083  0.0580816  0.0178573  0.0214731 *0.2428025  0.0960339  0.0189000  0.0350923  0.1390493  0.0430834 \n","        is  0.0073288  0.0047614 *0.7193691  0.0464449  0.1450542  0.0040828  0.0055637  0.0063463  0.0130788  0.0012154  0.0338294  0.0129251 \n","        no  0.0374398  0.0258012  0.0009839  0.0005065  0.0001316  0.0004449  0.3650855  0.1322265 *0.4203762  0.0069335  0.0029226  0.0071478 \n","      less  0.0191974  0.0141286  0.0013300  0.0037361  0.0004467  0.0005563  0.3325886  0.1174160 *0.4648018  0.0421888  0.0003673  0.0032422 \n","      kind *0.3763189  0.3323685  0.0000457  0.0000245  0.0000303  0.0006622  0.0286727  0.0287515  0.0426916  0.1482119  0.0221954  0.0200269 \n","      than  0.0015109  0.0014734  0.1218412  0.1776232  0.0589499  0.0184054  0.0774907  0.0624788  0.1855154 *0.2159152  0.0192951  0.0595009 \n","       his  0.0011676  0.0013796  0.0129839  0.0052778  0.0059899  0.0235010 *0.3504310  0.2255867  0.1399225  0.0351597  0.0898506  0.1087499 \n","    sister  0.0030601  0.0031048  0.0396161  0.2019463  0.0972252  0.0093989  0.0155293  0.0173226  0.0099828 *0.5046223  0.0645938  0.0335976 \n","        is  0.0332478  0.0304064 *0.6397683  0.0102282  0.0920362  0.0595085  0.0190496  0.0190880  0.0423771  0.0011956  0.0285322  0.0245621 \n"],"name":"stdout"}]},{"cell_type":"markdown","metadata":{"id":"cGGFFlrAUuOk"},"source":["The attention debug results seem that it shows attention vector from a certain head in a certain layer.\n","\n","It may be attention: top layer's top head (as far as I checked the original code).\n","\n","So, I will modifiy this code to output all the attention (all heads in all the layer)."]},{"cell_type":"markdown","metadata":{"id":"XC2HgV7-HXg9"},"source":["# Check attention matrices with my code\n","\n","\n","---\n","\n","\n","**Be careful, my code is only for translation and also only for beam search.**\n","\n","**You cannot use my code for any other purpose.**"]},{"cell_type":"code","metadata":{"id":"eHPlyI6sHeES"},"source":["# MODIFIED Code path\n","# you may want to change this\n","CODE_PATH = '/content/drive/My Drive/Colab Notebooks/Attention_w_OpenNMT/modified'\n","\n","translate = CODE_PATH + '/translate.py'"],"execution_count":null,"outputs":[]},{"cell_type":"code","metadata":{"id":"CQB9HC14XgdY"},"source":["# path to data\n","# you may want to change this path\n","# I will use this dataset in this time\n","# https://github.com/odashi/small_parallel_enja\n","DATA_PATH = '/content/drive/My Drive/data/small_parallel_enja'\n","src_test = DATA_PATH + '/test.ja'\n","tgt_test = DATA_PATH + '/test.en'"],"execution_count":null,"outputs":[]},{"cell_type":"code","metadata":{"id":"ochVd6fhi3Nk"},"source":["# path to save results\n","# you may want to change this path\n","RESULT_DIR = '/content/drive/My Drive/data/small_parallel_enja/results'\n","!mkdir -p '$RESULT_DIR'\n","output = RESULT_DIR + '/hyp.txt'\n","log = RESULT_DIR + '/all_attention_matrices.log'"],"execution_count":null,"outputs":[]},{"cell_type":"code","metadata":{"id":"Y-X4irAPi5aY"},"source":["# path to trained model\n","# you may want to change this path\n","MODEL_PATH = '/content/drive/My Drive/models/transformer'\n","model = MODEL_PATH + '/small_parallel_ja2en_transformer_step_10000.pt'"],"execution_count":null,"outputs":[]},{"cell_type":"code","metadata":{"id":"RwL-E-SRi-Z8"},"source":["!python '$translate' \\\n","        -model '$model' \\\n","        -src '$src_test' \\\n","        -output '$output' \\\n","        -attn_debug > '$log'"],"execution_count":null,"outputs":[]},{"cell_type":"code","metadata":{"id":"bqnHsaydpyBn","executionInfo":{"status":"ok","timestamp":1604392661014,"user_tz":-540,"elapsed":781,"user":{"displayName":"安本玄樹","photoUrl":"","userId":"15335213051674587884"}},"outputId":"1c4d574e-ed16-45af-f219-ae99f2d05b0d","colab":{"base_uri":"https://localhost:8080/"}},"source":["# check the attention matrices\n","!head -n 600 '$log'"],"execution_count":null,"outputs":[{"output_type":"stream","text":["layer: 1 || head: 1\n","                    彼          ら          は         つい          に         それ          が         真実          だ          と         認め          た          。 \n","      they  0.1532414  0.0773739  0.0526662  0.0177109  0.0369018  0.0261882 *0.2626138  0.1727268  0.1192355  0.0064943  0.0248575  0.0329455  0.0170442 \n","  asserted  0.0057037  0.0064284  0.0064957 *0.4165299  0.2880067  0.0228751  0.0109510  0.0555530  0.1207110  0.0162535  0.0113690  0.0259756  0.0131474 \n","      that  0.0022537  0.0022410  0.0018022  0.0018440  0.0014639  0.0118506  0.0013739  0.0074768  0.0035472 *0.9192824  0.0105679  0.0018397  0.0344568 \n","        it  0.0046005  0.0037590  0.0022329  0.0067931  0.0096572  0.0120361  0.0052692  0.2351097  0.0866437 *0.5839964  0.0190859  0.0068899  0.0239264 \n","       was *0.2333387  0.2164898  0.2283747  0.0069832  0.0071489  0.0168558  0.0435957  0.1433580  0.0408703  0.0070623  0.0286200  0.0169561  0.0103464 \n","      true  0.0334241  0.0176391  0.0188557  0.0424618  0.0088544  0.1012827 *0.4384370  0.0883634  0.2428584  0.0007573  0.0005879  0.0059038  0.0005744 \n","        at  0.0229494  0.0147635  0.0114640  0.0116396  0.0076338 *0.4836758  0.3955505  0.0327621  0.0107934  0.0011912  0.0023461  0.0038367  0.0013939 \n","      last  0.0003068  0.0001707  0.0002395 *0.8782071  0.0838055  0.0225465  0.0140761  0.0004384  0.0001100  0.0000312  0.0000007  0.0000604  0.0000070 \n","         .  0.0233716  0.0178920  0.0214922  0.0247811  0.0202488  0.0757536  0.3169426 *0.4692999  0.0271381  0.0007591  0.0005383  0.0006030  0.0011796 \n","      </s>  0.0689285  0.0327665  0.0179560  0.0088789  0.0039027  0.1783683 *0.6600152  0.0011884  0.0061863  0.0135861  0.0007385  0.0056450  0.0018395 \n","layer: 1 || head: 2\n","                    彼          ら          は         つい          に         それ          が         真実          だ          と         認め          た          。 \n","      they  0.0514515  0.0585004  0.1069491  0.0176912  0.0234900  0.0050404  0.0016115  0.0019140  0.0020607  0.0007830  0.0006861 *0.7283849  0.0014373 \n","  asserted  0.0014900  0.0013907  0.0005679 *0.5702186  0.2953525  0.0046381  0.0087929  0.0006092  0.0003078  0.0005479  0.0002509  0.1149250  0.0009084 \n","      that  0.0128031  0.0099080  0.0114636  0.1581766  0.0606745  0.0028865  0.0111942 *0.5048282  0.0348967  0.0053917  0.1062785  0.0474711  0.0340274 \n","        it  0.0029361  0.0020820  0.0021819  0.0016566  0.0018752 *0.4365192  0.3152291  0.0084310  0.0572821  0.1531057  0.0085812  0.0021343  0.0079856 \n","       was  0.0094991  0.0068147  0.0078072  0.0169931  0.0095692  0.0015196  0.0043278  0.0005387  0.0708049  0.0932548 *0.3579508  0.1818381  0.2390820 \n","      true  0.1143986  0.0755818  0.1594701  0.0001750  0.0000856  0.0050875  0.0690934 *0.5436513  0.0318983  0.0001045  0.0002057  0.0001708  0.0000773 \n","        at  0.0407015  0.0241777  0.0329476  0.0015783  0.0011068  0.0213561  0.0636354  0.2465025 *0.5240308  0.0097851  0.0244454  0.0019816  0.0077513 \n","      last  0.0013686  0.0021663  0.0025845  0.3705281 *0.5463896  0.0084265  0.0141137  0.0539534  0.0002161  0.0001112  0.0000084  0.0001104  0.0000232 \n","         .  0.0006383  0.0009303  0.0009028  0.1137629  0.0472533  0.0011042  0.0036853  0.0094682 *0.4696257  0.0124816  0.1718789  0.0038894  0.1643791 \n","      </s>  0.0003142  0.0004660  0.0001792  0.0016727  0.0008172  0.0436277 *0.8600132  0.0538253  0.0367694  0.0012681  0.0001123  0.0001712  0.0007637 \n","layer: 1 || head: 3\n","                    彼          ら          は         つい          に         それ          が         真実          だ          と         認め          た          。 \n","      they  0.1906804  0.2822453 *0.3146575  0.0245976  0.0288647  0.0216401  0.0571079  0.0148660  0.0116782  0.0055921  0.0073626  0.0337027  0.0070048 \n","  asserted  0.0055004  0.0053016  0.0042002  0.0270293  0.0102196  0.0459856  0.0260264  0.0352400  0.0990352  0.0783383  0.0951289 *0.5176509  0.0503434 \n","      that  0.0009912  0.0011575  0.0012977  0.2661480 *0.6921219  0.0001015  0.0001330  0.0008112  0.0018259  0.0203395  0.0025848  0.0076154  0.0048724 \n","        it  0.1086549  0.0726930  0.0315143  0.0092698  0.0031663 *0.5223782  0.2485115  0.0006944  0.0005610  0.0006112  0.0000659  0.0016209  0.0002585 \n","       was  0.0442621  0.0385213  0.0298200  0.0004961  0.0006058 *0.6250879  0.0339580  0.0029706  0.0138813  0.0159613  0.1428808  0.0293107  0.0222441 \n","      true  0.1170141  0.0798785  0.1250334  0.1406310  0.0635996  0.0115496  0.0857856  0.0337140 *0.2896303  0.0146059  0.0011947  0.0287837  0.0085798 \n","        at  0.0451573  0.0410709  0.0408157  0.0340485  0.0150640 *0.3762114  0.0233756  0.0277479  0.0398623  0.0129027  0.2938280  0.0217034  0.0282123 \n","      last  0.0016382  0.0017778  0.0021152 *0.5671036  0.4101393  0.0063470  0.0103943  0.0002335  0.0001375  0.0000559  0.0000066  0.0000387  0.0000123 \n","         .  0.0100269  0.0105120  0.0159994 *0.6506642  0.2427583  0.0052872  0.0072665  0.0076477  0.0317494  0.0005695  0.0066668  0.0063512  0.0045008 \n","      </s>  0.0063824  0.0066045  0.0108875  0.0365528  0.0185619  0.0031020 *0.3961384  0.3283594  0.0197578  0.0079639  0.0228749  0.1068845  0.0359299 \n","layer: 1 || head: 4\n","                    彼          ら          は         つい          に         それ          が         真実          だ          と         認め          た          。 \n","      they  0.0001547  0.0001642  0.0001732  0.2738786 *0.4028648  0.0002165  0.0002532  0.0000715  0.0093342  0.0480905  0.1676326  0.0070710  0.0900950 \n","  asserted  0.0000077  0.0000061  0.0000059 *0.6554475  0.3066186  0.0000700  0.0000497  0.0005027  0.0034856  0.0039737  0.0097439  0.0031713  0.0169172 \n","      that  0.0003916  0.0002430  0.0003723  0.0001861  0.0002760 *0.9168072  0.0784880  0.0031982  0.0000171  0.0000066  0.0000002  0.0000130  0.0000005 \n","        it  0.0008039  0.0005362  0.0010096  0.0009476  0.0003512  0.3588527 *0.4285179  0.2063326  0.0017795  0.0000442  0.0000057  0.0008034  0.0000156 \n","       was  0.0108392  0.0074893  0.0124325  0.1105329  0.0248193  0.0205510  0.0461394 *0.3869661  0.1449942  0.0885530  0.0296130  0.0478988  0.0691711 \n","      true  0.0035785  0.0013582  0.0013384  0.1261143  0.0948341 *0.5202805  0.0828004  0.1557588  0.0064813  0.0030072  0.0020266  0.0015260  0.0008957 \n","        at  0.0450706  0.0495961  0.1263883  0.0283047  0.0257032  0.0370924  0.1136212  0.0098399  0.0184078 *0.2074303  0.0901227  0.1345214  0.1139015 \n","      last  0.0000549  0.0000669  0.0001231 *0.5485640  0.4234277  0.0011917  0.0026358  0.0001286  0.0008107  0.0025259  0.0121056  0.0031763  0.0051888 \n","         .  0.0013669  0.0011583  0.0023052  0.0619922  0.0350346  0.0165969  0.1901630  0.0378320  0.0587651  0.1196769  0.1523630  0.0881572 *0.2345888 \n","      </s>  0.0003802  0.0004216  0.0003176  0.0039872  0.0044904  0.0004796  0.0012071  0.0001795  0.0195309  0.0249618 *0.4273188  0.1299993  0.3867258 \n","layer: 1 || head: 5\n","                    彼          ら          は         つい          に         それ          が         真実          だ          と         認め          た          。 \n","      they  0.1827579  0.2786211 *0.5107388  0.0022090  0.0070084  0.0008039  0.0093979  0.0063718  0.0004286  0.0001379  0.0002083  0.0008028  0.0005134 \n","  asserted  0.0018785  0.0020593  0.0019478 *0.5939378  0.2731824  0.0002989  0.0016124  0.0003605  0.0031376  0.0010420  0.0023705  0.1163028  0.0018694 \n","      that  0.0000391  0.0000424  0.0000642  0.0010487  0.0011439 *0.9124201  0.0214232  0.0142989  0.0007373  0.0429760  0.0029933  0.0003546  0.0024582 \n","        it  0.0013302  0.0016540  0.0013180  0.0132409  0.0080582  0.1204851 *0.6508718  0.1496142  0.0262282  0.0138500  0.0062801  0.0004461  0.0066233 \n","       was *0.3793863  0.3220717  0.1833324  0.0023132  0.0013507  0.0000446  0.0009281  0.0098962  0.0191242  0.0010466  0.0399249  0.0300022  0.0105789 \n","      true  0.0059113  0.0084317  0.0084462  0.2103561  0.1009792 *0.2984611  0.2048342  0.1094170  0.0320415  0.0069816  0.0060400  0.0008852  0.0072148 \n","        at  0.0382228  0.0173751  0.0212993  0.0035562  0.0026264  0.0830091  0.0602624  0.1494807  0.1195936 *0.4402412  0.0362598  0.0011511  0.0269224 \n","      last  0.0165763  0.0173192  0.0475214  0.2107822 *0.3014738  0.0014763  0.0006956  0.0001933  0.0776805  0.0615577  0.0550962  0.0730054  0.1366220 \n","         .  0.0084060  0.0078391  0.0056129 *0.5375297  0.1966008  0.0002122  0.0001464  0.0001981  0.0063776  0.0615155  0.0884069  0.0080668  0.0790880 \n","      </s>  0.0918179  0.0600016  0.1060934  0.0036947  0.0031606  0.0419921  0.0299187  0.0026187  0.0136067  0.0396987  0.0315162 *0.5201883  0.0556924 \n","layer: 1 || head: 6\n","                    彼          ら          は         つい          に         それ          が         真実          だ          と         認め          た          。 \n","      they  0.1794789  0.2559618 *0.2663120  0.0482319  0.0725431  0.0087318  0.0032115  0.0277170  0.0572348  0.0191027  0.0116689  0.0333849  0.0164208 \n","  asserted  0.0002432  0.0002340  0.0002893  0.0213922  0.0269242  0.0006244  0.0007808  0.0309706  0.0232052  0.0871987  0.1447308  0.0704831 *0.5929235 \n","      that  0.0024097  0.0012363  0.0021456  0.3989874 *0.5711909  0.0001907  0.0124948  0.0074313  0.0019147  0.0010788  0.0001241  0.0000792  0.0007164 \n","        it  0.0000043  0.0000030  0.0000035  0.0155512  0.0021730  0.0273802 *0.8518176  0.1004418  0.0024317  0.0000977  0.0000040  0.0000135  0.0000785 \n","       was  0.0036975  0.0025293  0.0036950  0.1485147  0.0584756  0.0006291  0.0272266 *0.7442722  0.0074986  0.0001551  0.0009729  0.0005869  0.0017465 \n","      true  0.0009816  0.0009429  0.0012146  0.0361316  0.0218264  0.0004264  0.0020034 *0.9257951  0.0039479  0.0005175  0.0020141  0.0013894  0.0028089 \n","        at  0.0036392  0.0034706  0.0040804 *0.6287163  0.3344609  0.0000537  0.0013847  0.0184859  0.0029141  0.0004189  0.0013182  0.0004166  0.0006406 \n","      last  0.0110405  0.0104380  0.0151206  0.3158332 *0.5170057  0.0000289  0.0000408  0.0029219  0.0029479  0.0454411  0.0375628  0.0211677  0.0204508 \n","         .  0.0040752  0.0051157  0.0055279  0.0004540  0.0007962  0.0002946  0.0033710 *0.8356923  0.0465998  0.0056815  0.0330429  0.0028270  0.0565220 \n","      </s>  0.1006102  0.1483496  0.1273179  0.0032836  0.0059616  0.0069048  0.0285613  0.1020095  0.0771654 *0.2451414  0.0090035  0.0483852  0.0973060 \n","layer: 1 || head: 7\n","                    彼          ら          は         つい          に         それ          が         真実          だ          と         認め          た          。 \n","      they  0.0516006  0.0613373  0.0759813  0.2249328 *0.4007401  0.0256508  0.0752467  0.0140350  0.0199662  0.0189478  0.0118647  0.0062363  0.0134605 \n","  asserted  0.0005876  0.0004562  0.0010013  0.0069652  0.0051454  0.0002910  0.0005800  0.0000371  0.0088845  0.0008580  0.0207005 *0.9238319  0.0306615 \n","      that  0.0578520  0.0624493  0.0521535  0.1045936 *0.3326173  0.0056766  0.0050058  0.0258187  0.0033611  0.0254356  0.1428766  0.0745168  0.1076431 \n","        it  0.0005433  0.0002735  0.0002338  0.0002682  0.0011227 *0.5932570  0.0268755  0.0007449  0.0011603  0.2011058  0.1682904  0.0008286  0.0052961 \n","       was  0.0373763  0.0120438  0.0271794  0.0010763  0.0015839  0.2805578  0.0514348 *0.3801238  0.0558037  0.0078391  0.1024866  0.0317322  0.0107622 \n","      true  0.0066040  0.0064669  0.0107722  0.2999599  0.0683650 *0.3587076  0.2092738  0.0168196  0.0149008  0.0071645  0.0004173  0.0001134  0.0004351 \n","        at  0.0056075  0.0053256  0.0048709  0.0124705  0.0052754  0.1630054 *0.6794242  0.1132741  0.0093387  0.0004147  0.0004269  0.0003444  0.0002221 \n","      last  0.0211393  0.0161877  0.0200322 *0.4661095  0.0958484  0.1472993  0.0283917  0.1481411  0.0321506  0.0116306  0.0072587  0.0021281  0.0036829 \n","         .  0.1602863  0.2338818  0.1053771 *0.2782138  0.1161861  0.0658356  0.0196828  0.0042713  0.0005801  0.0004207  0.0011941  0.0122921  0.0017780 \n","      </s> *0.3674442  0.2835775  0.1301713  0.0161077  0.0019715  0.0532825  0.0964982  0.0089894  0.0033442  0.0039336  0.0068382  0.0161971  0.0116445 \n","layer: 1 || head: 8\n","                    彼          ら          は         つい          に         それ          が         真実          だ          と         認め          た          。 \n","      they  0.0158110  0.0332127  0.0327057  0.1292301 *0.7489257  0.0015456  0.0005446  0.0085070  0.0011064  0.0152885  0.0025315  0.0051690  0.0054220 \n","  asserted  0.0000126  0.0000121  0.0000173  0.4315136 *0.4484924  0.1025764  0.0031532  0.0000981  0.0002752  0.0025958  0.0045709  0.0036663  0.0030158 \n","      that *0.2995298  0.2010679  0.1521731  0.0013423  0.0004716  0.0997361  0.1373471  0.0254933  0.0696666  0.0017613  0.0052970  0.0018812  0.0042327 \n","        it  0.0000561  0.0000555  0.0000581  0.0001550  0.0000494  0.0164194 *0.9562883  0.0077460  0.0178856  0.0006320  0.0001666  0.0002142  0.0002739 \n","       was  0.0040180  0.0039642  0.0041484  0.0602179  0.0226554  0.0210102  0.1278688 *0.5920492  0.1584881  0.0007766  0.0016261  0.0023918  0.0007853 \n","      true  0.0836071  0.0635431  0.0489612  0.0284704  0.0067852  0.0337753  0.1447700  0.0166271 *0.5230463  0.0061748  0.0229656  0.0020081  0.0192659 \n","        at *0.2794133  0.2738799  0.1470078  0.0000091  0.0000067  0.0011018  0.0069912  0.0068554  0.0889509  0.0126087  0.1344309  0.0091027  0.0396416 \n","      last  0.0643490  0.1221504  0.1391817  0.1352205 *0.3092148  0.0019857  0.0016515  0.0047592  0.0036388  0.0102252  0.1063557  0.0497524  0.0515151 \n","         .  0.0197482  0.0327253  0.0358605  0.0002245  0.0003637  0.0022976  0.0120409  0.2935925 *0.3971868  0.0315850  0.0294021  0.0487368  0.0962362 \n","      </s>  0.0056422  0.0091910  0.0084266  0.0006191  0.0012342  0.0187201  0.0283244  0.0082891  0.0077391  0.2766751 *0.3296168  0.0800336  0.2254887 \n","layer: 1 || average of heads\n","                    彼          ら          は         つい          に         それ          が         真実          だ          と         認め          た          。 \n","      they  0.1031471  0.1309271  0.1700230  0.0923103 *0.2151673  0.0112272  0.0512484  0.0307761  0.0276306  0.0143046  0.0283515  0.1059621  0.0189247 \n","  asserted  0.0019280  0.0019860  0.0018157 *0.3403793  0.2067427  0.0221699  0.0064933  0.0154214  0.0323803  0.0238510  0.0361082  0.2220009  0.0887233 \n","      that  0.0470338  0.0347932  0.0276840  0.1165408  0.2074950 *0.2437087  0.0334325  0.0736696  0.0144958  0.1270340  0.0338403  0.0167214  0.0235509 \n","        it  0.0148661  0.0101320  0.0048190  0.0059853  0.0033066  0.2609160 *0.4354226  0.0886393  0.0242465  0.1191804  0.0253100  0.0016189  0.0055573 \n","       was  0.0903021  0.0762405  0.0620987  0.0433909  0.0157761  0.1207820  0.0419349 *0.2825218  0.0639332  0.0268311  0.0880094  0.0425896  0.0455895 \n","      true  0.0456899  0.0317303  0.0467615  0.1105375  0.0456662  0.1661963  0.1546247 *0.2362683  0.1431006  0.0049142  0.0044315  0.0050975  0.0049815 \n","        at  0.0600952  0.0537074  0.0486092  0.0900404  0.0489847  0.1456882 *0.1680306  0.0756186  0.1017364  0.0856241  0.0728973  0.0216322  0.0273357 \n","      last  0.0145592  0.0212846  0.0283648 *0.4365435  0.3359131  0.0236627  0.0089999  0.0263462  0.0147115  0.0164473  0.0272993  0.0186799  0.0271878 \n","         .  0.0284899  0.0387568  0.0241347 *0.2084528  0.0824052  0.0209227  0.0691623  0.2072503  0.1297528  0.0290862  0.0604366  0.0213654  0.0797841 \n","      </s>  0.0801900  0.0676723  0.0501687  0.0093496  0.0050125  0.0433096 *0.2625845  0.0631824  0.0230125  0.0766536  0.1035024  0.1134380  0.1019238 \n","layer: 2 || head: 1\n","                    彼          ら          は         つい          に         それ          が         真実          だ          と         認め          た          。 \n","      they  0.1610991  0.3152669 *0.4783607  0.0010012  0.0026839  0.0001622  0.0036268  0.0070456  0.0034619  0.0046245  0.0025360  0.0145226  0.0056088 \n","  asserted  0.0117912  0.0247876  0.0124710  0.0039494  0.0080973  0.0104464  0.0010049  0.0040319  0.0099019 *0.3056619  0.2165465  0.0907254  0.3005845 \n","      that  0.0048621  0.0023244  0.0028888  0.0367912  0.0188586  0.3545376  0.1059744 *0.4627819  0.0090196  0.0002645  0.0006374  0.0008812  0.0001783 \n","        it  0.0566384  0.0362734  0.0264759  0.0005765  0.0009659 *0.6438686  0.2160077  0.0180554  0.0006951  0.0001955  0.0001396  0.0000574  0.0000504 \n","       was  0.0597553  0.0269686  0.0592630 *0.4316269  0.0456729  0.2160143  0.1442520  0.0121089  0.0039798  0.0000065  0.0000414  0.0002850  0.0000254 \n","      true  0.0000150  0.0000067  0.0000159  0.0077701  0.0021003 *0.8486562  0.1189578  0.0216162  0.0006733  0.0000410  0.0000609  0.0000462  0.0000402 \n","        at  0.0006531  0.0003266  0.0007725  0.0216292  0.0046271  0.0427354  0.1391006  0.1911743 *0.5919406  0.0007395  0.0024526  0.0021710  0.0016776 \n","      last  0.0002017  0.0001279  0.0001361 *0.3831749  0.1651986  0.0041691  0.1078002  0.2864316  0.0409882  0.0038400  0.0031150  0.0034107  0.0014062 \n","         .  0.0046357  0.0024919  0.0028380  0.0007307  0.0007313  0.1311812  0.1101636  0.0009524  0.1003913  0.0508158 *0.3676043  0.0226105  0.2048534 \n","      </s>  0.0026088  0.0025745  0.0027322  0.0022762  0.0063609  0.0000252  0.0062477  0.0001566  0.1519029  0.1589997  0.0558737  0.1014027 *0.5088387 \n","layer: 2 || head: 2\n","                    彼          ら          は         つい          に         それ          が         真実          だ          と         認め          た          。 \n","      they  0.1411705  0.1635884  0.0638438  0.0009905  0.0021531  0.0142521 *0.5995443  0.0130630  0.0004073  0.0000242  0.0002285  0.0006272  0.0001070 \n","  asserted  0.0002657  0.0004323  0.0003803 *0.5249588  0.3773898  0.0033866  0.0025346  0.0137135  0.0097813  0.0448371  0.0047825  0.0021434  0.0153942 \n","      that  0.0193038  0.0155244  0.0219873  0.0711924  0.0225208 *0.3524871  0.2275402  0.0147027  0.0143108  0.0236675  0.0331896  0.1551148  0.0284585 \n","        it  0.1660282 *0.3269794  0.2791770  0.0006459  0.0003334  0.0272448  0.0379649  0.1430037  0.0032630  0.0000255  0.0010114  0.0136517  0.0006710 \n","       was  0.0124746  0.0132727  0.0061545 *0.6327602  0.0347851  0.0043051  0.0115964  0.0088015  0.0819684  0.0020639  0.0135915  0.1579505  0.0202756 \n","      true  0.0539978  0.0718153  0.1450518 *0.3579576  0.0919194  0.0148089  0.0007517  0.1993046  0.0543099  0.0037476  0.0015788  0.0036201  0.0011364 \n","        at  0.0024799  0.0013105  0.0015313 *0.7012471  0.0884738  0.0461687  0.0565615  0.0260011  0.0270241  0.0031307  0.0097952  0.0328130  0.0034631 \n","      last  0.0000482  0.0000470  0.0000867 *0.6854879  0.2574196  0.0003535  0.0006571  0.0554262  0.0002541  0.0000040  0.0000023  0.0002077  0.0000059 \n","         .  0.0024192  0.0018756  0.0027001  0.2155696  0.0155262  0.0046872  0.0032332  0.0101027  0.2625883  0.0055219  0.0209007 *0.3967159  0.0581595 \n","      </s>  0.0000064  0.0000078  0.0000169  0.0119684  0.0033150  0.0293179  0.0576604  0.2384237 *0.3853204  0.1034760  0.0414214  0.0266961  0.1023697 \n","layer: 2 || head: 3\n","                    彼          ら          は         つい          に         それ          が         真実          だ          と         認め          た          。 \n","      they  0.1085584  0.2579962 *0.5736600  0.0058751  0.0302443  0.0057890  0.0025281  0.0028973  0.0003829  0.0056204  0.0014741  0.0013258  0.0036484 \n","  asserted  0.0009733  0.0015750  0.0019519  0.1367139 *0.3452794  0.0254426  0.0023162  0.0114476  0.0010440  0.1857333  0.0690230  0.0281065  0.1903932 \n","      that  0.0069642  0.0057915  0.0076134  0.2734993 *0.4386102  0.0539671  0.0872985  0.0312388  0.0287754  0.0222043  0.0133205  0.0177360  0.0129808 \n","        it  0.0008095  0.0005531  0.0008654  0.0001796  0.0001661  0.0022257  0.0673358 *0.4162391  0.4030082  0.0104293  0.0633333  0.0220575  0.0127974 \n","       was  0.0005862  0.0008546  0.0011051 *0.5720186  0.0991948  0.0165092  0.0274190  0.0498722  0.2239598  0.0002616  0.0024343  0.0041444  0.0016401 \n","      true  0.0036537  0.0016100  0.0025356 *0.5076704  0.1010906  0.0076720  0.0084801  0.2648121  0.0681905  0.0035903  0.0036823  0.0263823  0.0006300 \n","        at  0.0346316  0.0290506  0.0406331  0.0239377  0.0224590  0.0006367  0.0448372  0.0518042 *0.7030386  0.0014900  0.0209653  0.0191885  0.0073274 \n","      last  0.0267181  0.0231241  0.0272850 *0.4214302  0.2938223  0.0149564  0.0384017  0.0046225  0.0248625  0.0082212  0.0326517  0.0470877  0.0368166 \n","         .  0.0079909  0.0077374  0.0056975  0.2384761  0.0359742  0.0039134  0.0698390  0.0004013 *0.5417591  0.0063105  0.0285321  0.0143944  0.0389741 \n","      </s>  0.0002643  0.0002222  0.0001091  0.0030361  0.0005536  0.1040944 *0.8509393  0.0016751  0.0237106  0.0049968  0.0025446  0.0032063  0.0046476 \n","layer: 2 || head: 4\n","                    彼          ら          は         つい          に         それ          が         真実          だ          と         認め          た          。 \n","      they  0.1918646  0.2993160 *0.3384022  0.0025152  0.0021588  0.0007181  0.0002156  0.0008198  0.0119094  0.0091222  0.0183864  0.0925676  0.0320041 \n","  asserted  0.0000977  0.0001027  0.0001047  0.2858634 *0.4554532  0.0128107  0.0041563  0.0052798  0.0119618  0.1986878  0.0077366  0.0012585  0.0164868 \n","      that  0.0037553  0.0030688  0.0035336 *0.4156822  0.0924651  0.0216407  0.2742637  0.1812558  0.0016835  0.0001596  0.0002467  0.0019691  0.0002757 \n","        it  0.1261720  0.2005024  0.1455718 *0.2445806  0.1219522  0.0353339  0.0448569  0.0047062  0.0070868  0.0026020  0.0010388  0.0536444  0.0119522 \n","       was  0.0012067  0.0008798  0.0004321  0.0584480  0.0074604  0.0356707  0.1272244 *0.7611425  0.0073880  0.0000078  0.0000036  0.0001212  0.0000147 \n","      true  0.0000041  0.0000011  0.0000005  0.0000235  0.0000060  0.0013748  0.0035264 *0.9950578  0.0000057  0.0000001  0.0000001  0.0000000  0.0000000 \n","        at  0.0881142  0.0683847  0.0209388 *0.6941341  0.0667759  0.0034633  0.0202996  0.0130678  0.0172738  0.0008460  0.0009080  0.0047182  0.0010757 \n","      last  0.0771782  0.1169103  0.0674148 *0.5258296  0.1395353  0.0000389  0.0000099  0.0000261  0.0035081  0.0008510  0.0054576  0.0516260  0.0116142 \n","         .  0.0881791  0.1153751  0.0825688 *0.2236402  0.0951846  0.0015319  0.0140695  0.0006762  0.0572415  0.0630515  0.0361189  0.1448764  0.0774864 \n","      </s>  0.0042269  0.0097630  0.0105639  0.1952732  0.0714395  0.0005845  0.0222866  0.0061156  0.1999502  0.1012144  0.0317291 *0.2115074  0.1353459 \n","layer: 2 || head: 5\n","                    彼          ら          は         つい          に         それ          が         真実          だ          と         認め          た          。 \n","      they  0.1246761  0.1945450 *0.5134851  0.0129809  0.0208082  0.0420827  0.0719775  0.0005898  0.0010101  0.0018056  0.0021204  0.0097617  0.0041571 \n","  asserted  0.0000950  0.0001755  0.0001409  0.0000033  0.0000071  0.0034903  0.0005512  0.0001276  0.0091892  0.0891631 *0.6958591  0.0134583  0.1877395 \n","      that  0.0000368  0.0000215  0.0000227 *0.4596714  0.0865974  0.1224708  0.0682682  0.0093441  0.1072357  0.0234516  0.0534185  0.0012744  0.0681869 \n","        it  0.0016028  0.0009857  0.0020282  0.0942261  0.1815421  0.0496721 *0.6525422  0.0106972  0.0061207  0.0001030  0.0001279  0.0001381  0.0002139 \n","       was  0.0002185  0.0001716  0.0001440 *0.5697158  0.3950350  0.0007159  0.0033745  0.0227692  0.0077133  0.0000442  0.0000278  0.0000383  0.0000319 \n","      true  0.0001644  0.0000880  0.0000528  0.0118666  0.0025957  0.0004412  0.0003891  0.0332593 *0.7824038  0.0132744  0.0924470  0.0149743  0.0480433 \n","        at  0.0001446  0.0001188  0.0001253 *0.7608220  0.2257549  0.0014329  0.0021669  0.0015840  0.0059662  0.0006249  0.0006330  0.0001042  0.0005225 \n","      last  0.0102283  0.0119576  0.0174358 *0.4210389  0.3107767  0.0526488  0.0581713  0.0082421  0.0209287  0.0037049  0.0023825  0.0745680  0.0079166 \n","         .  0.0088547  0.0095006  0.0068234  0.1164510  0.0638606  0.0017618  0.0022950  0.0044709 *0.4435066  0.0232910  0.1260830  0.0246951  0.1684064 \n","      </s>  0.0529813  0.0817483  0.0744985  0.1877855  0.1240546  0.0376404  0.1073833  0.0057379  0.0233446 *0.1964578  0.0093385  0.0646543  0.0343750 \n","layer: 2 || head: 6\n","                    彼          ら          は         つい          に         それ          が         真実          だ          と         認め          た          。 \n","      they  0.0354194  0.0410675  0.2153499  0.0823079 *0.5160143  0.0268805  0.0682319  0.0103614  0.0018472  0.0003369  0.0002353  0.0016182  0.0003296 \n","  asserted  0.0000979  0.0001082  0.0000351  0.0002543  0.0000967  0.0000891  0.0000239 *0.6637194  0.0033329  0.0134479  0.3068134  0.0042366  0.0077447 \n","      that  0.0137849  0.0125087  0.0176848  0.0000532  0.0002425 *0.5583047  0.2171229  0.0026833  0.0141367  0.0098611  0.0770521  0.0345354  0.0420297 \n","        it  0.0045455  0.0036295  0.0034355  0.0003221  0.0005231  0.1547071  0.1047514  0.1350750 *0.1707554  0.0301329  0.1087180  0.1397339  0.1436707 \n","       was  0.0263706  0.0344457  0.0402594  0.0060942  0.0048327  0.0079453  0.0049800 *0.7530745  0.1000001  0.0003132  0.0006724  0.0157192  0.0052927 \n","      true  0.0234591  0.0196763  0.0129554  0.0043900  0.0013648  0.0007471  0.0000775  0.0246717  0.0439192  0.0084267  0.0434690 *0.7108481  0.1059953 \n","        at  0.0376239  0.0378125  0.0224693 *0.2063463  0.1746141  0.0444172  0.0144925  0.0096429  0.0875956  0.0903444  0.0462358  0.0473126  0.1810928 \n","      last  0.0131790  0.0128418  0.0067604 *0.5883455  0.2995898  0.0246095  0.0059220  0.0201504  0.0041421  0.0089181  0.0024255  0.0038992  0.0092165 \n","         .  0.1850630  0.2235246 *0.3216664  0.0366803  0.0200679  0.1829407  0.0093990  0.0024735  0.0030316  0.0017991  0.0012541  0.0076714  0.0044285 \n","      </s>  0.0027287  0.0030245  0.0014732  0.0440720  0.0292231  0.0029701  0.0064165  0.0010925  0.0112972 *0.7013546  0.0993090  0.0332375  0.0638013 \n","layer: 2 || head: 7\n","                    彼          ら          は         つい          に         それ          が         真実          だ          と         認め          た          。 \n","      they  0.2547430 *0.2857132  0.0750581  0.0022264  0.0056206  0.0213933  0.0053946  0.0098101  0.0191522  0.0443935  0.1440134  0.0613595  0.0711218 \n","  asserted  0.0000018  0.0000017  0.0000005 *0.8722398  0.1073848  0.0001994  0.0000120  0.0000006  0.0000488  0.0005759  0.0040433  0.0115688  0.0039228 \n","      that  0.0170337  0.0198834  0.0206366  0.0125419  0.0131664 *0.5414947  0.2273531  0.0630620  0.0083091  0.0428371  0.0124740  0.0080890  0.0131190 \n","        it  0.0532674  0.0747990  0.0278060  0.0001931  0.0003394  0.0629485  0.1226112 *0.4735928  0.1573918  0.0118935  0.0099416  0.0004782  0.0047374 \n","       was  0.0003906  0.0004531  0.0010118  0.0000107  0.0000084  0.0000277  0.0002839  0.0008896 *0.9191515  0.0030459  0.0414876  0.0160391  0.0172000 \n","      true  0.0002328  0.0002367  0.0007630 *0.7034388  0.1486975  0.0005879  0.0064509  0.1083166  0.0281586  0.0010436  0.0002191  0.0009227  0.0009317 \n","        at  0.0126026  0.0117255  0.0186629  0.0738933  0.0396805  0.0043889  0.0538141  0.3470394 *0.3908941  0.0336551  0.0046796  0.0020489  0.0069150 \n","      last  0.0009619  0.0009438  0.0012860  0.0033407  0.0031270  0.0007352  0.0036793  0.0061266  0.2787314 *0.6056669  0.0389934  0.0084781  0.0479298 \n","         .  0.0009732  0.0007366  0.0018407  0.0000116  0.0000283  0.0000013  0.0000239  0.0004100  0.3007671  0.0374342  0.1248154  0.0334417 *0.4995159 \n","      </s>  0.0047208  0.0038168  0.0039229  0.0000494  0.0001026  0.0054391  0.0323678  0.0542525  0.1370324 *0.3222178  0.1362875  0.0197336  0.2800566 \n","layer: 2 || head: 8\n","                    彼          ら          は         つい          に         それ          が         真実          だ          と         認め          た          。 \n","      they  0.1395922  0.2874197 *0.5348264  0.0001370  0.0001882  0.0002189  0.0006233  0.0023338  0.0011076  0.0006726  0.0227474  0.0018854  0.0082476 \n","  asserted  0.0013758  0.0014365  0.0032912  0.2109781  0.0861386  0.0060723  0.0171876  0.0004936  0.0346983  0.1732386 *0.2227024  0.0215401  0.2208470 \n","      that  0.0000054  0.0000070  0.0000081  0.0093053  0.0026064  0.0062240  0.0246048  0.1454384  0.2687821 *0.4395794  0.0509297  0.0024403  0.0500692 \n","        it  0.0053722  0.0117870  0.0062436  0.0216916  0.0305320  0.0692330  0.0689003 *0.7441718  0.0204663  0.0014190  0.0106391  0.0039996  0.0055446 \n","       was  0.0000040  0.0000028  0.0000021  0.0908039  0.0268710  0.0009629  0.0021753  0.0055586 *0.6813166  0.0184488  0.0608470  0.0597776  0.0532293 \n","      true  0.0000020  0.0000017  0.0000015 *0.6019877  0.0722993  0.0033664  0.0048578  0.2136019  0.0987285  0.0036725  0.0003691  0.0001400  0.0009715 \n","        at  0.0008505  0.0003847  0.0002330  0.0011611  0.0008828  0.0005074  0.0005388 *0.9225860  0.0143731  0.0311257  0.0019038  0.0244685  0.0009846 \n","     